
1
2
3
4
12
21
23
31
32
34
41
42
43
121
123
231
232
234
312
321
323
341
342
343
412
421
423
431
432
1231
1232
1234
2312
2321
2341
2342
2343
3121
3123
3231
3232
3234
3412
3421
3423
3431
3432
4121
4123
4231
4232
4312
4321
4323
12312
12321
12341
12342
12343
23121
23123
23412
23421
23423
23431
23432
31231
31232
31234
32312
32321
32341
32342
32343
34121
34123
34231
34232
34312
34321
34323
41231
41232
42312
42321
43121
43123
43231
43232
43234
123121
123412
123431
123432
231232
234312
234321
234323
312312
312321
312341
312342
312343
323121
323421
323423
341231
341232
343121
343123
343231
343232
412312
412321
423121
423123
431231
431232
431234
432321
432342
432343
1234121
1234123
1234312
1234321
1234323
2312321
2312342
2343121
2343123
2343231
2343232
3123121
3123412
3123421
3123423
3123431
3123432
3231231
3231232
3234121
3234231
3234232
3412312
3412321
3431231
3431232
3432312
3432321
4123121
4231231
4231232
4231234
4312312
4312321
4312341
4312342
4312343
4323121
4323421
4323423
4323431
4323432
12341231
12341232
12343121
12343123
12343231
12343232
23123121
23123421
23123423
23431231
23431232
23432312
23432321
31234121
31234123
31234231
31234232
31234312
31234321
31234323
32312312
32312321
32312341
32312342
32341231
32342312
32342321
32343232
34123121
34231232
34312312
34312321
34323121
34323123
42312312
42312321
42312341
42312342
42312343
43123121
43123412
43123421
43123423
43123431
43123432
43231231
43231232
43234121
43234231
43234232
43234312
43234321
43234323
123431231
123431232
323123121
343123121
343231232
423123121
423123421
423123423
431234312
431234321
431234323
432343232
1234312312
1234312321
3231234121
3432312321
3432312342
4231234121
4231234231
4231234232
4312343121
4312343123
4312343231
4312343232
4323123121
4323432321
12343123121
12343231232
32312341231
34323123121
34323123421
34323123423
42312341231
42312342312
42312342321
42312343232
43123431231
43123431232
43123432312
43123432321
43231234121
43234323121
123432312321
123432312342
323123412312
343231234121
343231234231
343231234232
423123412312
423123423121
423123423123
423123432321
431234312312
431234312321
431234323121
431234323123
432312341231
432343231231
1234323123121
1234323123421
1234323123423
3123432312343
3231234123121
3231234231232
3234323123431
3432312341231
3432312342312
3432312342321
3432312343232
4231234123121
4231234231231
4231234231232
4231234323121
4312343123121
4312343231231
4312343231232
4323123412312
4323432312312
432312343231234323123121
