
1
2
3
4
12
21
23
31
32
34
41
42
43
121
123
231
232
234
312
321
341
342
343
412
421
423
431
432
434
1231
1232
1234
2312
2321
2341
2342
2343
3121
3412
3421
3423
3431
3432
3434
4121
4123
4231
4232
4234
4312
4321
4341
4342
4343
12312
12321
12341
12342
12343
23121
23412
23421
23423
23431
23432
23434
34121
34123
34231
34232
34234
34312
34321
34341
34342
34343
41231
41232
41234
42312
42321
42341
42342
42343
43121
43412
43421
43423
43431
43432
123121
123412
123421
123423
123431
234121
234231
234232
234234
234343
341231
341232
341234
343121
343412
343431
343432
412312
412321
412341
412342
412343
423121
423412
423421
423423
423431
423432
434121
434123
434312
1234121
1234123
1234231
1234232
1234234
1234312
1234341
1234343
2341231
2342312
2342321
2342341
2342342
2342343
2343431
2343432
3412312
3412321
3412341
3412342
3412343
3434121
3434123
3434232
3434312
3434321
4123121
4123412
4123421
4123423
4123431
4123432
4234121
4234123
4234231
4234232
4234234
4234312
4234321
4341231
4341232
4341234
4343121
12341231
12341232
12341234
12342312
12342321
12342341
12342342
12342343
12343121
12343412
12343431
12343432
23412312
23412341
23423121
23423412
23423421
23423423
23423431
23423432
23434232
23434312
23434321
34123121
34123412
34123421
34123423
34123431
34123432
34341231
34341232
34341234
34342321
34342342
34343121
41234121
41234123
41234231
41234232
41234234
41234312
41234321
42341231
42341232
42341234
42342312
42342321
42342341
42342342
42342343
42343121
43412312
43412321
43412341
43412342
43412343
123412312
123412321
123412341
123412342
123412343
123423121
123423412
123423421
123423423
123423431
123423432
123434121
123434123
123434232
123434312
123434321
234123121
234123412
234123431
234234121
234234123
234234231
234234232
234234234
234234312
234234321
234341232
234342321
234342342
234343121
341234121
341234123
341234231
341234232
341234234
341234312
341234321
343412312
343412321
343412341
343412342
343412343
343423121
343423421
343423423
412341231
412341232
412341234
412342312
412342321
412342341
412342342
412342343
412343121
423412312
423412321
423412341
423412342
423412343
423423121
423423412
423423421
423423423
423423431
423423432
434123121
434123412
434123421
434123423
434123431
434123432
1234123121
1234123412
1234123431
1234341232
1234343121
3434123121
3434123421
3434123423
4123412312
4123412321
4123412341
4123412342
4123412343
12341234121
12341234123
12341234312
12343412321
12343412342
34341234121
34341234231
34341234232
41234123121
41234123412
41234123421
41234123423
41234123431
41234123432
43412342343
123412341231
123412341232
123412341234
123412343121
123434123121
123434123421
123434123423
343412341231
343412342312
343412342321
412341234121
412341234123
412341234231
412341234232
412341234234
412341234312
412341234321
434123423431
434123423432
1234123412312
1234123412321
1234123412341
1234123412342
1234123412343
1234341234121
1234341234231
1234341234232
3434123412312
3434123412341
3434123423121
4123412341231
4123412341232
4123412341234
4123412342312
4123412342321
4123412342341
4123412342342
4123412342343
4123412343121
4341234234232
4341234234312
4341234234321
12341234123121
12341234123412
12341234123421
12341234123423
12341234123431
12341234123432
12343412341231
12343412342312
12343412342321
34341234123121
34341234123412
34341234123431
41234123412312
41234123412321
41234123412341
41234123412342
41234123412343
41234123423121
41234123423412
41234123423421
41234123423423
41234123423431
41234123423432
43412342341232
43412342342321
43412342342342
43412342343121
123412341234121
123412341234123
123412341234231
123412341234232
123412341234312
123412341234321
123434123412312
123434123412341
123434123423121
234123412342343
343412341234121
343412341234123
343412341234312
412341234123121
412341234123412
412341234123421
412341234123423
412341234123431
412341234123432
412341234234121
412341234234123
412341234234231
412341234234232
412341234234312
412341234234321
423412342342343
434123423412321
434123423412342
434123423423121
434123423423421
434123423423423
434234234234232
1234123412341231
1234123412341232
1234123412341234
1234123412342312
1234123412342321
1234123412343121
1234341234123121
1234341234123412
1234341234123431
2341234123423431
2341234123423432
3434123412341231
3434123412341232
3434123412341234
3434123412343121
4123412341234121
4123412341234123
4123412341234231
4123412341234232
4123412341234312
4123412341234321
4123412342341231
4123412342341232
4123412342341234
4123412342342312
4123412342342321
4123412342343121
4234123412342343
4234123423423431
4234123423423432
4341234234123121
4341234234123421
4341234234123423
4341234234234121
4341234234234231
4341234234234232
4342342342342321
12341234123412312
12341234123412321
12341234123412341
12341234123412342
12341234123412343
12341234123423121
12343412341234121
12343412341234123
12343412341234312
23412341234234232
23412341234234312
23412341234234321
34341234123412312
34341234123412321
34341234123412341
34341234123412342
34341234123412343
41234123412341231
41234123412341232
41234123412341234
41234123412342312
41234123412342321
41234123412343121
41234123423412312
41234123423412321
41234123423412341
41234123423412342
41234123423412343
41234123423423121
42341234123423431
42341234123423432
42341234234234232
42341234234234312
42341234234234321
43412342341234121
43412342341234231
43412342341234232
43412342342341231
43412342342342312
43412342342342321
43423423423423121
123412341234123121
123412341234123412
123412341234123421
123412341234123423
123412341234123431
123412341234123432
123434123412341231
123434123412341232
123434123412341234
123434123412343121
234123412342341232
234123412342342321
234123412342343121
342341234234234232
343412341234123121
343412341234123412
343412341234123421
343412341234123423
343412341234123431
343412341234123432
412341234123412312
412341234123412321
412341234123412341
412341234123412342
412341234123412343
412341234123423121
412341234234123121
412341234234123412
412341234234123421
412341234234123423
412341234234123431
412341234234123432
423412341234234232
423412341234234312
423412341234234321
423412342342341232
423412342342342321
423412342342343121
434123423412341231
434123423412342312
434123423412342321
434123423423412312
434123423423412341
434123423423423121
434234234234123121
1234123412341234121
1234123412341234123
1234123412341234231
1234123412341234232
1234123412341234312
1234123412341234321
1234234123412342343
1234341234123412312
1234341234123412321
1234341234123412341
1234341234123412342
1234341234123412343
2341234123423412321
2341234123423412342
2341234123423423121
3423412342342342321
3434123412341234121
3434123412341234123
3434123412341234231
3434123412341234232
3434123412341234312
3434123412341234321
3434234123412342343
4123412341234123121
4123412341234123412
4123412341234123421
4123412341234123423
4123412341234123431
4123412341234123432
4123412342341234121
4123412342341234123
4123412342341234231
4123412342341234232
4123412342341234312
4123412342341234321
4234123412342341232
4234123412342342321
4234123412342343121
4234123423423412321
4234123423423412342
4234123423423423121
4341234234123412312
4341234234123412341
4341234234123423121
4341234234234123121
4341234234234123412
4341234234234123431
4342341234234234232
4342342342341234121
434234123412341234123412341234123412341234123412341234123121
